2996637748
2565540604
3010989007
3018447913
2818520696
2563410612
2824636665
2824688266
2824688072
2903065706
2796081796
2999829647
2860270524
3174001921
3241967932
2816898097
2951815963
2824688804
2954712744
2838015851
2976739190
2687866031
3001692619
2864843929
2836168677
2996094125
3246145263
3159258290
2563815443
2824854732
3200892125
3079079431
3045628845
3124369320
2822950837
3070430423
2890863160
3009881290
2645058109
2564503881
3013189983
2899871898
2785100219
3222493606
3015412343
3251592253
3006784849
2856742618
2965168591
2962469055
2670628346
3069195391
3069154070
2822925665
2995193002
3199815681
2803799129
2819534268
3026312096
2976409348
3168223097
2823524728
2877850919
3033802020
3026323649
3079805439
2979448082
3148310222
2927542027
3014421997
2816188633
3086919933
2825074771
2827446882
2832487441
2597324266
2877696929
2958674071
3131402417